# This file was produced by bcftools stats (1.23+htslib-1.23) and can be plotted using plot-vcfstats.
# The command line was:	bcftools stats  results/vcf/medaka_reads_only/medaka.annotated.sorted.vcf.gz
#
# Definition of sets:
# ID	[2]id	[3]tab-separated file names
ID	0	results/vcf/medaka_reads_only/medaka.annotated.sorted.vcf.gz
# SN, Summary numbers:
#   number of records   .. number of data rows in the VCF
#   number of no-ALTs   .. reference-only sites, ALT is either "." or identical to REF
#   number of SNPs      .. number of rows with a SNP
#   number of MNPs      .. number of rows with a MNP, such as CC>TT
#   number of indels    .. number of rows with an indel
#   number of others    .. number of rows with other type, for example a symbolic allele or
#                          a complex substitution, such as ACT>TCGA
#   number of multiallelic sites     .. number of rows with multiple alternate alleles
#   number of multiallelic SNP sites .. number of rows with multiple alternate alleles, all SNPs
# 
#   Note that rows containing multiple types will be counted multiple times, in each
#   counter. For example, a row with a SNP and an indel increments both the SNP and
#   the indel counter.
# 
# SN	[2]id	[3]key	[4]value
SN	0	number of samples:	1
SN	0	number of records:	14089
SN	0	number of no-ALTs:	0
SN	0	number of SNPs:	8519
SN	0	number of MNPs:	4396
SN	0	number of indels:	840
SN	0	number of others:	334
SN	0	number of multiallelic sites:	0
SN	0	number of multiallelic SNP sites:	0
# TSTV, transitions/transversions
#   - transitions, see https://en.wikipedia.org/wiki/Transition_(genetics)
#   - transversions, see https://en.wikipedia.org/wiki/Transversion
# TSTV	[2]id	[3]ts	[4]tv	[5]ts/tv	[6]ts (1st ALT)	[7]tv (1st ALT)	[8]ts/tv (1st ALT)
TSTV	0	4296	4223	1.02	4296	4223	1.02
# SiS, Singleton stats:
#   - allele count, i.e. the number of singleton genotypes (AC=1)
#   - number of transitions, see above
#   - number of transversions, see above
#   - repeat-consistent, inconsistent and n/a: experimental and useless stats [DEPRECATED]
# SiS	[2]id	[3]allele count	[4]number of SNPs	[5]number of transitions	[6]number of transversions	[7]number of indels	[8]repeat-consistent	[9]repeat-inconsistent	[10]not applicable
SiS	0	1	8519	4296	4223	840	0	0	840
# AF, Stats by non-reference allele frequency:
# AF	[2]id	[3]allele frequency	[4]number of SNPs	[5]number of transitions	[6]number of transversions	[7]number of indels	[8]repeat-consistent	[9]repeat-inconsistent	[10]not applicable
AF	0	0.000000	8519	4296	4223	840	0	0	840
# QUAL, Stats by quality
# QUAL	[2]id	[3]Quality	[4]number of SNPs	[5]number of transitions (1st ALT)	[6]number of transversions (1st ALT)	[7]number of indels
QUAL	0	0.0	25	14	11	4
QUAL	0	0.1	23	7	16	10
QUAL	0	0.2	16	13	3	4
QUAL	0	0.3	21	10	11	7
QUAL	0	0.4	27	6	21	5
QUAL	0	0.5	30	11	19	3
QUAL	0	0.6	23	5	18	7
QUAL	0	0.7	22	10	12	4
QUAL	0	0.8	32	9	23	6
QUAL	0	0.9	30	9	21	3
QUAL	0	1.0	23	7	16	6
QUAL	0	1.1	26	6	20	4
QUAL	0	1.2	41	13	28	6
QUAL	0	1.3	29	8	21	10
QUAL	0	1.4	31	7	24	7
QUAL	0	1.5	36	14	22	4
QUAL	0	1.6	50	19	31	5
QUAL	0	1.7	30	13	17	11
QUAL	0	1.8	26	8	18	3
QUAL	0	1.9	24	11	13	7
QUAL	0	2.0	20	11	9	4
QUAL	0	2.1	37	10	27	6
QUAL	0	2.2	38	11	27	5
QUAL	0	2.3	31	13	18	9
QUAL	0	2.4	31	7	24	9
QUAL	0	2.5	35	8	27	6
QUAL	0	2.6	41	9	32	2
QUAL	0	2.7	23	6	17	6
QUAL	0	2.8	31	13	18	3
QUAL	0	2.9	32	12	20	7
QUAL	0	3.0	31	8	23	4
QUAL	0	3.1	35	11	24	13
QUAL	0	3.2	23	7	16	6
QUAL	0	3.3	36	9	27	6
QUAL	0	3.4	33	9	24	5
QUAL	0	3.5	28	10	18	6
QUAL	0	3.6	15	4	11	6
QUAL	0	3.7	14	3	11	3
QUAL	0	3.8	26	7	19	6
QUAL	0	3.9	19	6	13	10
QUAL	0	4.0	18	7	11	2
QUAL	0	4.1	32	14	18	5
QUAL	0	4.2	15	2	13	5
QUAL	0	4.3	28	13	15	4
QUAL	0	4.4	24	11	13	3
QUAL	0	4.5	37	9	28	2
QUAL	0	4.6	23	11	12	4
QUAL	0	4.7	13	6	7	4
QUAL	0	4.8	23	7	16	5
QUAL	0	4.9	24	6	18	2
QUAL	0	5.0	18	8	10	3
QUAL	0	5.1	22	7	15	6
QUAL	0	5.2	17	5	12	4
QUAL	0	5.3	13	1	12	2
QUAL	0	5.4	26	5	21	6
QUAL	0	5.5	14	4	10	7
QUAL	0	5.6	20	5	15	1
QUAL	0	5.7	19	4	15	3
QUAL	0	5.8	17	2	15	2
QUAL	0	5.9	8	3	5	4
QUAL	0	6.0	14	0	14	4
QUAL	0	6.1	21	1	20	0
QUAL	0	6.2	16	7	9	5
QUAL	0	6.3	15	6	9	0
QUAL	0	6.4	15	6	9	2
QUAL	0	6.5	23	6	17	5
QUAL	0	6.6	12	3	9	2
QUAL	0	6.7	11	2	9	4
QUAL	0	6.8	17	8	9	4
QUAL	0	6.9	10	3	7	1
QUAL	0	7.0	14	7	7	5
QUAL	0	7.1	12	5	7	2
QUAL	0	7.2	14	7	7	3
QUAL	0	7.3	12	4	8	2
QUAL	0	7.4	7	3	4	2
QUAL	0	7.5	17	8	9	5
QUAL	0	7.6	11	6	5	3
QUAL	0	7.7	7	5	2	6
QUAL	0	7.8	9	6	3	6
QUAL	0	7.9	11	4	7	2
QUAL	0	8.0	9	2	7	1
QUAL	0	8.1	18	9	9	1
QUAL	0	8.2	6	3	3	7
QUAL	0	8.3	8	2	6	2
QUAL	0	8.4	10	5	5	1
QUAL	0	8.5	15	6	9	1
QUAL	0	8.6	11	2	9	7
QUAL	0	8.7	11	4	7	2
QUAL	0	8.8	18	6	12	2
QUAL	0	8.9	25	9	16	2
QUAL	0	9.0	25	6	19	5
QUAL	0	9.1	12	5	7	1
QUAL	0	9.2	5	3	2	1
QUAL	0	9.3	4	1	3	2
QUAL	0	9.4	7	4	3	2
QUAL	0	9.5	10	4	6	1
QUAL	0	9.6	8	4	4	3
QUAL	0	9.7	11	3	8	3
QUAL	0	9.8	8	3	5	1
QUAL	0	9.9	8	4	4	1
QUAL	0	10.0	7	1	6	2
QUAL	0	10.1	10	5	5	1
QUAL	0	10.2	12	2	10	4
QUAL	0	10.3	8	3	5	1
QUAL	0	10.4	14	8	6	3
QUAL	0	10.5	11	6	5	3
QUAL	0	10.6	5	3	2	3
QUAL	0	10.7	4	3	1	1
QUAL	0	10.8	10	3	7	1
QUAL	0	10.9	9	4	5	2
QUAL	0	11.0	7	3	4	3
QUAL	0	11.1	5	1	4	0
QUAL	0	11.2	6	2	4	2
QUAL	0	11.3	7	3	4	3
QUAL	0	11.4	4	1	3	1
QUAL	0	11.5	13	6	7	1
QUAL	0	11.6	11	2	9	1
QUAL	0	11.7	5	2	3	3
QUAL	0	11.8	7	1	6	1
QUAL	0	11.9	10	6	4	3
QUAL	0	12.0	5	0	5	4
QUAL	0	12.1	6	2	4	1
QUAL	0	12.2	12	5	7	3
QUAL	0	12.3	6	3	3	2
QUAL	0	12.4	5	3	2	0
QUAL	0	12.5	5	2	3	4
QUAL	0	12.6	7	4	3	0
QUAL	0	12.7	5	1	4	1
QUAL	0	12.8	3	3	0	2
QUAL	0	12.9	8	2	6	2
QUAL	0	13.0	9	5	4	3
QUAL	0	13.1	11	3	8	2
QUAL	0	13.2	9	2	7	1
QUAL	0	13.3	7	3	4	4
QUAL	0	13.4	6	2	4	3
QUAL	0	13.5	10	6	4	1
QUAL	0	13.6	6	2	4	3
QUAL	0	13.7	4	2	2	2
QUAL	0	13.8	6	3	3	0
QUAL	0	13.9	3	0	3	1
QUAL	0	14.0	2	1	1	1
QUAL	0	14.1	3	1	2	3
QUAL	0	14.2	4	2	2	0
QUAL	0	14.3	3	1	2	2
QUAL	0	14.4	5	1	4	2
QUAL	0	14.5	6	2	4	1
QUAL	0	14.6	4	1	3	0
QUAL	0	14.7	7	2	5	4
QUAL	0	14.8	6	5	1	1
QUAL	0	14.9	2	0	2	1
QUAL	0	15.0	2	1	1	1
QUAL	0	15.1	1	0	1	1
QUAL	0	15.2	6	2	4	2
QUAL	0	15.3	7	4	3	1
QUAL	0	15.4	2	1	1	3
QUAL	0	15.5	8	1	7	2
QUAL	0	15.6	7	0	7	1
QUAL	0	15.7	3	2	1	1
QUAL	0	15.8	7	2	5	0
QUAL	0	15.9	8	5	3	2
QUAL	0	16.0	0	0	0	2
QUAL	0	16.1	5	3	2	1
QUAL	0	16.2	3	1	2	0
QUAL	0	16.3	2	1	1	3
QUAL	0	16.4	5	2	3	1
QUAL	0	16.5	2	2	0	0
QUAL	0	16.6	2	0	2	0
QUAL	0	16.7	3	1	2	2
QUAL	0	16.8	3	2	1	2
QUAL	0	16.9	4	2	2	1
QUAL	0	17.0	7	4	3	1
QUAL	0	17.1	6	1	5	0
QUAL	0	17.2	5	3	2	1
QUAL	0	17.3	4	0	4	0
QUAL	0	17.4	3	3	0	1
QUAL	0	17.5	5	2	3	0
QUAL	0	17.6	5	1	4	3
QUAL	0	17.7	9	2	7	0
QUAL	0	17.8	7	4	3	1
QUAL	0	17.9	4	4	0	1
QUAL	0	18.0	5	1	4	2
QUAL	0	18.1	5	0	5	1
QUAL	0	18.2	4	3	1	0
QUAL	0	18.3	4	3	1	1
QUAL	0	18.4	7	4	3	0
QUAL	0	18.5	4	2	2	1
QUAL	0	18.6	4	0	4	2
QUAL	0	18.7	4	0	4	3
QUAL	0	18.8	5	2	3	0
QUAL	0	18.9	3	2	1	1
QUAL	0	19.0	6	2	4	0
QUAL	0	19.1	6	2	4	4
QUAL	0	19.2	3	2	1	2
QUAL	0	19.3	7	3	4	4
QUAL	0	19.4	5	3	2	1
QUAL	0	19.5	5	4	1	1
QUAL	0	19.6	7	1	6	1
QUAL	0	19.7	2	0	2	2
QUAL	0	19.8	2	1	1	0
QUAL	0	19.9	3	1	2	1
QUAL	0	20.0	4	1	3	0
QUAL	0	20.1	2	1	1	1
QUAL	0	20.2	6	2	4	0
QUAL	0	20.3	3	1	2	0
QUAL	0	20.4	4	0	4	1
QUAL	0	20.5	4	3	1	0
QUAL	0	20.6	5	1	4	1
QUAL	0	20.7	1	0	1	2
QUAL	0	20.8	7	2	5	1
QUAL	0	20.9	4	2	2	0
QUAL	0	21.0	4	2	2	4
QUAL	0	21.1	4	2	2	0
QUAL	0	21.2	3	2	1	3
QUAL	0	21.3	7	0	7	1
QUAL	0	21.4	1	0	1	3
QUAL	0	21.5	5	2	3	0
QUAL	0	21.6	6	5	1	0
QUAL	0	21.7	2	0	2	2
QUAL	0	21.8	6	3	3	1
QUAL	0	21.9	6	4	2	0
QUAL	0	22.0	3	2	1	2
QUAL	0	22.1	6	2	4	1
QUAL	0	22.2	5	3	2	3
QUAL	0	22.3	5	2	3	0
QUAL	0	22.4	8	2	6	1
QUAL	0	22.5	3	1	2	1
QUAL	0	22.6	2	1	1	0
QUAL	0	22.7	1	0	1	1
QUAL	0	22.8	5	2	3	2
QUAL	0	22.9	4	3	1	0
QUAL	0	23.0	2	0	2	1
QUAL	0	23.1	3	1	2	1
QUAL	0	23.2	1	0	1	0
QUAL	0	23.3	2	0	2	0
QUAL	0	23.4	2	2	0	1
QUAL	0	23.5	5	1	4	1
QUAL	0	23.6	4	1	3	0
QUAL	0	23.7	1	1	0	0
QUAL	0	23.8	5	1	4	0
QUAL	0	23.9	3	1	2	2
QUAL	0	24.0	2	2	0	2
QUAL	0	24.1	8	2	6	2
QUAL	0	24.2	5	1	4	2
QUAL	0	24.3	3	3	0	0
QUAL	0	24.4	2	0	2	1
QUAL	0	24.5	4	0	4	0
QUAL	0	24.6	2	0	2	2
QUAL	0	24.7	5	2	3	2
QUAL	0	24.8	3	1	2	1
QUAL	0	24.9	1	1	0	1
QUAL	0	25.0	5	3	2	0
QUAL	0	25.1	4	2	2	2
QUAL	0	25.2	2	0	2	1
QUAL	0	25.3	5	1	4	1
QUAL	0	25.4	6	1	5	0
QUAL	0	25.5	5	5	0	0
QUAL	0	25.6	5	0	5	1
QUAL	0	25.7	5	1	4	2
QUAL	0	25.8	2	2	0	1
QUAL	0	25.9	1	1	0	0
QUAL	0	26.0	6	2	4	1
QUAL	0	26.1	4	1	3	1
QUAL	0	26.2	3	1	2	1
QUAL	0	26.3	3	1	2	1
QUAL	0	26.4	3	2	1	1
QUAL	0	26.5	4	2	2	0
QUAL	0	26.6	5	3	2	1
QUAL	0	26.7	3	1	2	1
QUAL	0	26.8	1	1	0	0
QUAL	0	26.9	4	0	4	1
QUAL	0	27.0	5	3	2	0
QUAL	0	27.1	2	0	2	2
QUAL	0	27.2	2	1	1	0
QUAL	0	27.3	6	2	4	2
QUAL	0	27.4	4	1	3	1
QUAL	0	27.5	2	0	2	1
QUAL	0	27.6	5	3	2	0
QUAL	0	27.7	6	3	3	1
QUAL	0	27.8	6	2	4	0
QUAL	0	27.9	7	3	4	1
QUAL	0	28.0	3	2	1	0
QUAL	0	28.1	4	2	2	2
QUAL	0	28.2	3	0	3	2
QUAL	0	28.3	4	1	3	0
QUAL	0	28.4	2	1	1	0
QUAL	0	28.5	1	0	1	2
QUAL	0	28.6	3	1	2	0
QUAL	0	28.7	10	5	5	0
QUAL	0	28.8	2	1	1	2
QUAL	0	28.9	5	2	3	1
QUAL	0	29.0	5	0	5	0
QUAL	0	29.1	4	2	2	0
QUAL	0	29.2	5	4	1	0
QUAL	0	29.4	2	1	1	0
QUAL	0	29.5	6	1	5	1
QUAL	0	29.6	2	0	2	0
QUAL	0	29.7	6	1	5	1
QUAL	0	29.8	1	0	1	1
QUAL	0	29.9	5	1	4	0
QUAL	0	30.0	4	0	4	1
QUAL	0	30.1	2	1	1	1
QUAL	0	30.2	3	0	3	0
QUAL	0	30.3	7	5	2	1
QUAL	0	30.4	4	3	1	0
QUAL	0	30.5	3	1	2	0
QUAL	0	30.6	3	3	0	1
QUAL	0	30.7	6	4	2	2
QUAL	0	30.8	7	2	5	4
QUAL	0	30.9	1	1	0	0
QUAL	0	31.1	2	2	0	0
QUAL	0	31.2	2	0	2	0
QUAL	0	31.3	6	1	5	2
QUAL	0	31.4	2	1	1	0
QUAL	0	31.5	5	3	2	1
QUAL	0	31.6	1	1	0	1
QUAL	0	31.7	2	1	1	1
QUAL	0	31.8	7	2	5	0
QUAL	0	31.9	6	4	2	0
QUAL	0	32.0	4	2	2	2
QUAL	0	32.1	3	0	3	2
QUAL	0	32.2	5	3	2	0
QUAL	0	32.3	1	0	1	0
QUAL	0	32.4	3	1	2	0
QUAL	0	32.5	2	1	1	1
QUAL	0	32.7	2	0	2	0
QUAL	0	32.8	3	2	1	2
QUAL	0	32.9	6	3	3	2
QUAL	0	33.0	2	2	0	1
QUAL	0	33.1	4	0	4	0
QUAL	0	33.2	2	0	2	1
QUAL	0	33.3	4	3	1	0
QUAL	0	33.4	1	1	0	2
QUAL	0	33.5	5	2	3	2
QUAL	0	33.6	2	2	0	1
QUAL	0	33.7	2	0	2	0
QUAL	0	33.8	4	2	2	0
QUAL	0	33.9	5	2	3	1
QUAL	0	34.0	2	1	1	0
QUAL	0	34.1	4	2	2	0
QUAL	0	34.2	5	2	3	0
QUAL	0	34.3	3	0	3	0
QUAL	0	34.4	4	2	2	2
QUAL	0	34.6	4	1	3	1
QUAL	0	34.7	3	1	2	0
QUAL	0	34.8	1	1	0	1
QUAL	0	34.9	3	2	1	1
QUAL	0	35.0	6	2	4	0
QUAL	0	35.1	3	0	3	0
QUAL	0	35.2	4	2	2	1
QUAL	0	35.3	5	2	3	2
QUAL	0	35.4	1	1	0	1
QUAL	0	35.5	4	3	1	0
QUAL	0	35.6	4	2	2	0
QUAL	0	35.7	3	1	2	2
QUAL	0	35.8	4	3	1	0
QUAL	0	35.9	5	1	4	1
QUAL	0	36.0	5	3	2	0
QUAL	0	36.1	5	4	1	1
QUAL	0	36.2	2	2	0	2
QUAL	0	36.3	2	2	0	0
QUAL	0	36.4	5	3	2	0
QUAL	0	36.5	5	1	4	1
QUAL	0	36.6	4	0	4	0
QUAL	0	36.8	3	3	0	3
QUAL	0	36.9	5	3	2	1
QUAL	0	37.0	4	0	4	1
QUAL	0	37.1	7	6	1	2
QUAL	0	37.3	2	2	0	0
QUAL	0	37.4	5	1	4	0
QUAL	0	37.5	7	4	3	1
QUAL	0	37.6	7	4	3	0
QUAL	0	37.7	6	4	2	0
QUAL	0	37.8	2	1	1	0
QUAL	0	37.9	4	2	2	0
QUAL	0	38.0	5	3	2	0
QUAL	0	38.1	3	2	1	1
QUAL	0	38.2	6	5	1	0
QUAL	0	38.3	3	1	2	0
QUAL	0	38.4	1	0	1	0
QUAL	0	38.5	3	1	2	0
QUAL	0	38.6	7	3	4	0
QUAL	0	38.7	5	3	2	1
QUAL	0	38.8	5	3	2	1
QUAL	0	38.9	1	0	1	0
QUAL	0	39.0	3	1	2	0
QUAL	0	39.1	6	2	4	1
QUAL	0	39.2	4	3	1	0
QUAL	0	39.3	4	2	2	0
QUAL	0	39.4	8	5	3	0
QUAL	0	39.5	9	7	2	0
QUAL	0	39.6	4	2	2	0
QUAL	0	39.7	5	5	0	1
QUAL	0	39.8	2	2	0	1
QUAL	0	39.9	7	3	4	0
QUAL	0	40.0	4	1	3	0
QUAL	0	40.1	2	2	0	0
QUAL	0	40.2	8	3	5	0
QUAL	0	40.3	5	4	1	1
QUAL	0	40.4	4	3	1	2
QUAL	0	40.5	8	7	1	0
QUAL	0	40.6	7	6	1	0
QUAL	0	40.7	5	2	3	1
QUAL	0	40.8	1	1	0	0
QUAL	0	40.9	3	0	3	1
QUAL	0	41.0	4	2	2	1
QUAL	0	41.1	3	2	1	1
QUAL	0	41.2	6	2	4	1
QUAL	0	41.3	8	4	4	0
QUAL	0	41.4	2	1	1	0
QUAL	0	41.5	5	4	1	1
QUAL	0	41.6	5	3	2	0
QUAL	0	41.7	7	6	1	1
QUAL	0	41.8	5	2	3	0
QUAL	0	41.9	3	2	1	0
QUAL	0	42.0	4	1	3	0
QUAL	0	42.1	1	1	0	0
QUAL	0	42.2	5	4	1	0
QUAL	0	42.3	5	4	1	0
QUAL	0	42.4	1	0	1	0
QUAL	0	42.5	7	3	4	0
QUAL	0	42.6	7	4	3	0
QUAL	0	42.7	5	3	2	0
QUAL	0	42.8	1	1	0	0
QUAL	0	42.9	8	6	2	0
QUAL	0	43.0	4	3	1	1
QUAL	0	43.1	5	4	1	0
QUAL	0	43.2	5	4	1	1
QUAL	0	43.3	3	3	0	0
QUAL	0	43.4	4	3	1	0
QUAL	0	43.5	5	4	1	0
QUAL	0	43.6	7	3	4	0
QUAL	0	43.7	4	4	0	0
QUAL	0	43.8	4	1	3	0
QUAL	0	43.9	8	4	4	0
QUAL	0	44.0	1	0	1	0
QUAL	0	44.1	3	2	1	0
QUAL	0	44.2	6	4	2	1
QUAL	0	44.3	6	4	2	0
QUAL	0	44.4	7	3	4	0
QUAL	0	44.5	7	3	4	0
QUAL	0	44.6	4	2	2	1
QUAL	0	44.7	8	4	4	0
QUAL	0	44.8	5	5	0	0
QUAL	0	44.9	3	1	2	0
QUAL	0	45.0	2	2	0	0
QUAL	0	45.1	5	4	1	1
QUAL	0	45.2	7	3	4	0
QUAL	0	45.3	4	3	1	0
QUAL	0	45.4	8	5	3	0
QUAL	0	45.5	9	4	5	0
QUAL	0	45.6	6	5	1	0
QUAL	0	45.7	3	3	0	2
QUAL	0	45.8	4	4	0	0
QUAL	0	45.9	10	7	3	1
QUAL	0	46.0	6	5	1	1
QUAL	0	46.1	2	1	1	0
QUAL	0	46.2	8	4	4	0
QUAL	0	46.3	3	1	2	1
QUAL	0	46.4	8	5	3	0
QUAL	0	46.5	7	2	5	0
QUAL	0	46.6	8	2	6	0
QUAL	0	46.7	6	3	3	0
QUAL	0	46.8	12	6	6	1
QUAL	0	46.9	5	2	3	0
QUAL	0	47.0	4	2	2	0
QUAL	0	47.1	9	7	2	0
QUAL	0	47.2	12	9	3	0
QUAL	0	47.3	6	5	1	0
QUAL	0	47.4	11	7	4	0
QUAL	0	47.5	12	7	5	0
QUAL	0	47.6	9	5	4	0
QUAL	0	47.7	4	2	2	0
QUAL	0	47.8	7	5	2	0
QUAL	0	47.9	12	7	5	0
QUAL	0	48.0	8	5	3	1
QUAL	0	48.1	6	3	3	0
QUAL	0	48.2	9	6	3	1
QUAL	0	48.3	9	4	5	0
QUAL	0	48.4	13	7	6	1
QUAL	0	48.5	11	4	7	1
QUAL	0	48.6	6	4	2	0
QUAL	0	48.7	6	3	3	0
QUAL	0	48.8	13	11	2	0
QUAL	0	48.9	14	8	6	0
QUAL	0	49.0	12	6	6	1
QUAL	0	49.1	13	7	6	0
QUAL	0	49.2	8	6	2	0
QUAL	0	49.3	14	7	7	1
QUAL	0	49.4	8	4	4	0
QUAL	0	49.5	18	9	9	0
QUAL	0	49.6	5	3	2	0
QUAL	0	49.7	10	8	2	0
QUAL	0	49.8	14	7	7	1
QUAL	0	49.9	13	6	7	0
QUAL	0	50.0	7	5	2	0
QUAL	0	50.1	8	1	7	0
QUAL	0	50.2	13	9	4	0
QUAL	0	50.3	21	18	3	0
QUAL	0	50.4	20	14	6	0
QUAL	0	50.5	7	6	1	0
QUAL	0	50.6	23	11	12	0
QUAL	0	50.7	18	12	6	0
QUAL	0	50.8	3	3	0	0
QUAL	0	50.9	14	7	7	0
QUAL	0	51.0	12	7	5	0
QUAL	0	51.1	24	14	10	1
QUAL	0	51.2	12	8	4	0
QUAL	0	51.3	21	15	6	0
QUAL	0	51.4	10	5	5	1
QUAL	0	51.5	14	11	3	1
QUAL	0	51.6	23	14	9	0
QUAL	0	51.7	10	4	6	0
QUAL	0	51.8	18	13	5	0
QUAL	0	51.9	18	12	6	0
QUAL	0	52.0	21	8	13	1
QUAL	0	52.1	17	12	5	1
QUAL	0	52.2	17	11	6	0
QUAL	0	52.3	13	6	7	0
QUAL	0	52.4	16	12	4	0
QUAL	0	52.5	23	14	9	1
QUAL	0	52.6	25	13	12	0
QUAL	0	52.7	15	9	6	1
QUAL	0	52.8	19	11	8	0
QUAL	0	52.9	20	11	9	0
QUAL	0	53.0	22	17	5	0
QUAL	0	53.1	29	17	12	1
QUAL	0	53.2	25	15	10	0
QUAL	0	53.3	24	15	9	1
QUAL	0	53.4	23	16	7	0
QUAL	0	53.5	28	18	10	0
QUAL	0	53.6	35	18	17	0
QUAL	0	53.7	39	26	13	0
QUAL	0	53.9	32	15	17	1
QUAL	0	54.0	37	20	17	0
QUAL	0	54.1	49	28	21	0
QUAL	0	54.3	53	31	22	0
QUAL	0	54.4	29	16	13	1
QUAL	0	54.6	51	35	16	0
QUAL	0	54.7	44	28	16	0
QUAL	0	54.9	47	25	22	0
QUAL	0	55.0	54	29	25	0
QUAL	0	55.2	59	40	19	0
QUAL	0	55.4	72	43	29	1
QUAL	0	55.6	83	46	37	1
QUAL	0	55.8	70	45	25	0
QUAL	0	56.0	75	55	20	0
QUAL	0	56.2	82	48	34	0
QUAL	0	56.3	0	0	0	1
QUAL	0	56.4	96	58	38	0
QUAL	0	56.6	94	49	45	0
QUAL	0	56.9	111	72	39	0
QUAL	0	57.1	114	68	46	0
QUAL	0	57.4	120	74	46	0
QUAL	0	57.7	147	81	66	0
QUAL	0	58.0	141	75	66	0
QUAL	0	58.4	143	75	68	0
QUAL	0	58.8	155	88	67	0
QUAL	0	58.9	0	0	0	1
QUAL	0	59.0	0	0	0	1
QUAL	0	59.2	195	121	74	1
QUAL	0	59.6	182	110	72	0
QUAL	0	59.7	0	0	0	2
QUAL	0	60.0	0	0	0	1
QUAL	0	60.2	222	126	96	0
QUAL	0	60.6	0	0	0	1
QUAL	0	60.7	193	112	81	0
QUAL	0	61.2	0	0	0	2
QUAL	0	61.3	0	0	0	1
QUAL	0	61.4	208	132	76	0
QUAL	0	62.2	234	130	104	0
QUAL	0	63.2	221	134	87	0
QUAL	0	64.4	165	93	72	0
QUAL	0	66.2	145	84	61	0
QUAL	0	66.7	0	0	0	2
QUAL	0	66.9	0	0	0	1
QUAL	0	67.4	0	0	0	1
QUAL	0	67.7	0	0	0	1
QUAL	0	67.9	0	0	0	1
QUAL	0	68.3	0	0	0	1
QUAL	0	69.2	56	36	20	0
QUAL	0	70.0	3	2	1	0
QUAL	0	70.4	0	0	0	1
QUAL	0	70.8	0	0	0	1
QUAL	0	71.9	0	0	0	1
QUAL	0	72.5	0	0	0	2
QUAL	0	72.7	0	0	0	1
QUAL	0	74.8	0	0	0	1
QUAL	0	75.9	0	0	0	1
QUAL	0	76.6	0	0	0	1
QUAL	0	78.1	0	0	0	1
QUAL	0	79.4	0	0	0	1
QUAL	0	80.6	0	0	0	1
QUAL	0	81.2	0	0	0	1
QUAL	0	81.7	0	0	0	1
QUAL	0	83.7	0	0	0	1
QUAL	0	84.2	0	0	0	1
QUAL	0	84.8	0	0	0	1
QUAL	0	85.2	0	0	0	1
QUAL	0	85.7	0	0	0	1
QUAL	0	88.7	0	0	0	1
QUAL	0	89.8	0	0	0	1
QUAL	0	91.7	0	0	0	1
QUAL	0	92.6	0	0	0	1
QUAL	0	93.0	0	0	0	1
QUAL	0	93.1	0	0	0	1
QUAL	0	94.3	0	0	0	1
QUAL	0	96.9	0	0	0	1
QUAL	0	97.5	0	0	0	1
QUAL	0	98.7	0	0	0	1
QUAL	0	99.4	0	0	0	1
QUAL	0	100.0	0	0	0	1
QUAL	0	111.4	0	0	0	1
QUAL	0	120.2	0	0	0	1
QUAL	0	120.3	0	0	0	1
QUAL	0	122.6	0	0	0	1
QUAL	0	125.0	0	0	0	1
QUAL	0	136.2	0	0	0	1
QUAL	0	139.0	0	0	0	1
QUAL	0	142.2	0	0	0	1
QUAL	0	156.7	0	0	0	1
QUAL	0	177.9	0	0	0	1
QUAL	0	186.0	0	0	0	1
QUAL	0	205.8	0	0	0	1
QUAL	0	208.6	0	0	0	1
QUAL	0	213.1	0	0	0	1
QUAL	0	216.0	0	0	0	1
QUAL	0	246.4	0	0	0	1
QUAL	0	322.7	0	0	0	1
QUAL	0	351.4	0	0	0	1
QUAL	0	387.4	0	0	0	1
QUAL	0	546.4	0	0	0	1
QUAL	0	572.8	0	0	0	1
QUAL	0	594.5	0	0	0	1
QUAL	0	851.1	0	0	0	1
QUAL	0	932.7	0	0	0	1
QUAL	0	1331.1	0	0	0	1
QUAL	0	2017.9	0	0	0	1
QUAL	0	2174.7	0	0	0	1
# IDD, InDel distribution:
# IDD	[2]id	[3]length (deletions negative)	[4]number of sites	[5]number of genotypes	[6]mean VAF
IDD	0	-60	2	0	.
IDD	0	-56	1	0	.
IDD	0	-24	1	0	.
IDD	0	-20	1	0	.
IDD	0	-18	2	0	.
IDD	0	-15	1	0	.
IDD	0	-14	3	0	.
IDD	0	-13	1	0	.
IDD	0	-12	3	0	.
IDD	0	-11	5	0	.
IDD	0	-10	5	0	.
IDD	0	-9	8	0	.
IDD	0	-8	3	0	.
IDD	0	-7	8	0	.
IDD	0	-6	12	0	.
IDD	0	-5	21	0	.
IDD	0	-4	24	0	.
IDD	0	-3	59	0	.
IDD	0	-2	98	0	.
IDD	0	-1	261	0	.
IDD	0	1	195	0	.
IDD	0	2	52	0	.
IDD	0	3	32	0	.
IDD	0	4	13	0	.
IDD	0	5	3	0	.
IDD	0	6	10	0	.
IDD	0	7	1	0	.
IDD	0	8	4	0	.
IDD	0	9	5	0	.
IDD	0	12	1	0	.
IDD	0	30	1	0	.
IDD	0	42	2	0	.
IDD	0	51	1	0	.
IDD	0	60	1	0	.
# ST, Substitution types:
# ST	[2]id	[3]type	[4]count
ST	0	A>C	427
ST	0	A>G	1174
ST	0	A>T	391
ST	0	C>A	445
ST	0	C>G	874
ST	0	C>T	1138
ST	0	G>A	1028
ST	0	G>C	495
ST	0	G>T	570
ST	0	T>A	328
ST	0	T>C	956
ST	0	T>G	693
# DP, depth:
#   - set id, see above
#   - the depth bin, corresponds to the depth (unless --depth was given)
#   - number of genotypes with this depth (zero unless -s/-S was given)
#   - fraction of genotypes with this depth (zero unless -s/-S was given)
#   - number of sites with this depth
#   - fraction of sites with this depth
# DP, Depth distribution
# DP	[2]id	[3]bin	[4]number of genotypes	[5]fraction of genotypes (%)	[6]number of sites	[7]fraction of sites (%)
DP	0	1	0	0.000000	265	1.880900
DP	0	2	0	0.000000	15	0.106466
DP	0	3	0	0.000000	1	0.007098
DP	0	4	0	0.000000	11	0.078075
DP	0	5	0	0.000000	13	0.092271
DP	0	6	0	0.000000	3	0.021293
DP	0	8	0	0.000000	11	0.078075
DP	0	10	0	0.000000	2666	18.922564
DP	0	11	0	0.000000	7	0.049684
DP	0	12	0	0.000000	9	0.063880
DP	0	13	0	0.000000	2	0.014195
DP	0	18	0	0.000000	1	0.007098
DP	0	28	0	0.000000	302	2.143516
DP	0	29	0	0.000000	2	0.014195
DP	0	30	0	0.000000	37	0.262616
DP	0	31	0	0.000000	297	2.108028
DP	0	32	0	0.000000	98	0.695578
DP	0	33	0	0.000000	18	0.127759
DP	0	34	0	0.000000	14	0.099368
DP	0	35	0	0.000000	35	0.248421
DP	0	36	0	0.000000	37	0.262616
DP	0	37	0	0.000000	8	0.056782
DP	0	38	0	0.000000	25	0.177443
DP	0	39	0	0.000000	5	0.035489
DP	0	40	0	0.000000	2	0.014195
DP	0	41	0	0.000000	22	0.156150
DP	0	42	0	0.000000	14	0.099368
DP	0	43	0	0.000000	6	0.042586
DP	0	44	0	0.000000	6	0.042586
DP	0	45	0	0.000000	4	0.028391
DP	0	46	0	0.000000	1029	7.303570
DP	0	48	0	0.000000	1	0.007098
DP	0	50	0	0.000000	1	0.007098
DP	0	51	0	0.000000	1	0.007098
DP	0	52	0	0.000000	1	0.007098
DP	0	59	0	0.000000	1	0.007098
DP	0	60	0	0.000000	75	0.532330
DP	0	61	0	0.000000	1	0.007098
DP	0	62	0	0.000000	1	0.007098
DP	0	64	0	0.000000	4	0.028391
DP	0	67	0	0.000000	3	0.021293
DP	0	68	0	0.000000	2	0.014195
DP	0	69	0	0.000000	1	0.007098
DP	0	70	0	0.000000	116	0.823337
DP	0	71	0	0.000000	3	0.021293
DP	0	72	0	0.000000	2	0.014195
DP	0	74	0	0.000000	2	0.014195
DP	0	75	0	0.000000	1	0.007098
DP	0	77	0	0.000000	172	1.220811
DP	0	78	0	0.000000	11	0.078075
DP	0	79	0	0.000000	1	0.007098
DP	0	80	0	0.000000	1	0.007098
DP	0	81	0	0.000000	132	0.936901
DP	0	82	0	0.000000	6	0.042586
DP	0	83	0	0.000000	5	0.035489
DP	0	88	0	0.000000	2	0.014195
DP	0	89	0	0.000000	119	0.844631
DP	0	90	0	0.000000	8	0.056782
DP	0	91	0	0.000000	19	0.134857
DP	0	92	0	0.000000	16	0.113564
DP	0	93	0	0.000000	24	0.170346
DP	0	94	0	0.000000	100	0.709774
DP	0	95	0	0.000000	115	0.816240
DP	0	96	0	0.000000	8	0.056782
DP	0	97	0	0.000000	83	0.589112
DP	0	98	0	0.000000	10	0.070977
DP	0	99	0	0.000000	136	0.965292
DP	0	100	0	0.000000	37	0.262616
DP	0	101	0	0.000000	17	0.120662
DP	0	102	0	0.000000	23	0.163248
DP	0	103	0	0.000000	40	0.283909
DP	0	104	0	0.000000	65	0.461353
DP	0	105	0	0.000000	49	0.347789
DP	0	106	0	0.000000	17	0.120662
DP	0	107	0	0.000000	39	0.276812
DP	0	108	0	0.000000	9	0.063880
DP	0	109	0	0.000000	12	0.085173
DP	0	110	0	0.000000	11	0.078075
DP	0	111	0	0.000000	7	0.049684
DP	0	112	0	0.000000	13	0.092271
DP	0	113	0	0.000000	10	0.070977
DP	0	114	0	0.000000	12	0.085173
DP	0	115	0	0.000000	35	0.248421
DP	0	116	0	0.000000	40	0.283909
DP	0	117	0	0.000000	14	0.099368
DP	0	118	0	0.000000	21	0.149052
DP	0	119	0	0.000000	10	0.070977
DP	0	120	0	0.000000	16	0.113564
DP	0	121	0	0.000000	20	0.141955
DP	0	122	0	0.000000	31	0.220030
DP	0	123	0	0.000000	16	0.113564
DP	0	124	0	0.000000	55	0.390375
DP	0	125	0	0.000000	33	0.234225
DP	0	126	0	0.000000	25	0.177443
DP	0	127	0	0.000000	19	0.134857
DP	0	128	0	0.000000	50	0.354887
DP	0	129	0	0.000000	15	0.106466
DP	0	130	0	0.000000	22	0.156150
DP	0	131	0	0.000000	26	0.184541
DP	0	132	0	0.000000	31	0.220030
DP	0	133	0	0.000000	42	0.298105
DP	0	134	0	0.000000	31	0.220030
DP	0	135	0	0.000000	37	0.262616
DP	0	136	0	0.000000	114	0.809142
DP	0	137	0	0.000000	71	0.503939
DP	0	138	0	0.000000	19	0.134857
DP	0	139	0	0.000000	14	0.099368
DP	0	140	0	0.000000	19	0.134857
DP	0	141	0	0.000000	26	0.184541
DP	0	142	0	0.000000	7	0.049684
DP	0	143	0	0.000000	22	0.156150
DP	0	144	0	0.000000	20	0.141955
DP	0	145	0	0.000000	29	0.205834
DP	0	146	0	0.000000	87	0.617503
DP	0	147	0	0.000000	232	1.646675
DP	0	148	0	0.000000	23	0.163248
DP	0	149	0	0.000000	26	0.184541
DP	0	150	0	0.000000	157	1.114345
DP	0	151	0	0.000000	80	0.567819
DP	0	152	0	0.000000	54	0.383278
DP	0	153	0	0.000000	8	0.056782
DP	0	154	0	0.000000	49	0.347789
DP	0	155	0	0.000000	34	0.241323
DP	0	156	0	0.000000	22	0.156150
DP	0	157	0	0.000000	15	0.106466
DP	0	158	0	0.000000	12	0.085173
DP	0	159	0	0.000000	33	0.234225
DP	0	160	0	0.000000	7	0.049684
DP	0	161	0	0.000000	85	0.603308
DP	0	162	0	0.000000	92	0.652992
DP	0	163	0	0.000000	13	0.092271
DP	0	164	0	0.000000	5	0.035489
DP	0	165	0	0.000000	11	0.078075
DP	0	166	0	0.000000	28	0.198737
DP	0	167	0	0.000000	15	0.106466
DP	0	168	0	0.000000	12	0.085173
DP	0	169	0	0.000000	52	0.369082
DP	0	170	0	0.000000	8	0.056782
DP	0	171	0	0.000000	13	0.092271
DP	0	172	0	0.000000	17	0.120662
DP	0	173	0	0.000000	8	0.056782
DP	0	174	0	0.000000	15	0.106466
DP	0	175	0	0.000000	30	0.212932
DP	0	176	0	0.000000	20	0.141955
DP	0	177	0	0.000000	142	1.007878
DP	0	178	0	0.000000	5	0.035489
DP	0	179	0	0.000000	17	0.120662
DP	0	180	0	0.000000	15	0.106466
DP	0	181	0	0.000000	31	0.220030
DP	0	182	0	0.000000	33	0.234225
DP	0	183	0	0.000000	25	0.177443
DP	0	184	0	0.000000	18	0.127759
DP	0	185	0	0.000000	17	0.120662
DP	0	186	0	0.000000	62	0.440060
DP	0	187	0	0.000000	31	0.220030
DP	0	188	0	0.000000	6	0.042586
DP	0	189	0	0.000000	16	0.113564
DP	0	190	0	0.000000	41	0.291007
DP	0	191	0	0.000000	35	0.248421
DP	0	192	0	0.000000	90	0.638796
DP	0	193	0	0.000000	61	0.432962
DP	0	194	0	0.000000	17	0.120662
DP	0	195	0	0.000000	19	0.134857
DP	0	196	0	0.000000	31	0.220030
DP	0	197	0	0.000000	23	0.163248
DP	0	198	0	0.000000	134	0.951097
DP	0	199	0	0.000000	83	0.589112
DP	0	200	0	0.000000	33	0.234225
DP	0	201	0	0.000000	53	0.376180
DP	0	202	0	0.000000	34	0.241323
DP	0	203	0	0.000000	12	0.085173
DP	0	204	0	0.000000	53	0.376180
DP	0	205	0	0.000000	25	0.177443
DP	0	206	0	0.000000	38	0.269714
DP	0	207	0	0.000000	35	0.248421
DP	0	208	0	0.000000	48	0.340691
DP	0	209	0	0.000000	40	0.283909
DP	0	210	0	0.000000	40	0.283909
DP	0	211	0	0.000000	39	0.276812
DP	0	212	0	0.000000	33	0.234225
DP	0	213	0	0.000000	43	0.305203
DP	0	214	0	0.000000	36	0.255518
DP	0	215	0	0.000000	46	0.326496
DP	0	216	0	0.000000	57	0.404571
DP	0	217	0	0.000000	61	0.432962
DP	0	218	0	0.000000	34	0.241323
DP	0	219	0	0.000000	53	0.376180
DP	0	220	0	0.000000	63	0.447157
DP	0	221	0	0.000000	64	0.454255
DP	0	222	0	0.000000	31	0.220030
DP	0	223	0	0.000000	43	0.305203
DP	0	224	0	0.000000	46	0.326496
DP	0	225	0	0.000000	62	0.440060
DP	0	226	0	0.000000	50	0.354887
DP	0	227	0	0.000000	64	0.454255
DP	0	228	0	0.000000	58	0.411669
DP	0	229	0	0.000000	67	0.475548
DP	0	230	0	0.000000	33	0.234225
DP	0	231	0	0.000000	46	0.326496
DP	0	232	0	0.000000	42	0.298105
DP	0	233	0	0.000000	35	0.248421
DP	0	234	0	0.000000	100	0.709774
DP	0	235	0	0.000000	21	0.149052
DP	0	236	0	0.000000	60	0.425864
DP	0	237	0	0.000000	48	0.340691
DP	0	238	0	0.000000	48	0.340691
DP	0	239	0	0.000000	53	0.376180
DP	0	240	0	0.000000	27	0.191639
DP	0	241	0	0.000000	25	0.177443
DP	0	242	0	0.000000	16	0.113564
DP	0	243	0	0.000000	22	0.156150
DP	0	244	0	0.000000	30	0.212932
DP	0	245	0	0.000000	16	0.113564
DP	0	246	0	0.000000	32	0.227128
DP	0	247	0	0.000000	15	0.106466
DP	0	248	0	0.000000	16	0.113564
DP	0	249	0	0.000000	3	0.021293
DP	0	250	0	0.000000	20	0.141955
DP	0	251	0	0.000000	42	0.298105
DP	0	252	0	0.000000	31	0.220030
DP	0	253	0	0.000000	50	0.354887
DP	0	254	0	0.000000	48	0.340691
DP	0	255	0	0.000000	76	0.539428
DP	0	256	0	0.000000	38	0.269714
DP	0	257	0	0.000000	36	0.255518
DP	0	258	0	0.000000	39	0.276812
DP	0	259	0	0.000000	13	0.092271
DP	0	260	0	0.000000	13	0.092271
DP	0	261	0	0.000000	11	0.078075
DP	0	262	0	0.000000	95	0.674285
DP	0	263	0	0.000000	28	0.198737
DP	0	264	0	0.000000	11	0.078075
DP	0	265	0	0.000000	15	0.106466
DP	0	266	0	0.000000	22	0.156150
DP	0	267	0	0.000000	35	0.248421
DP	0	268	0	0.000000	8	0.056782
DP	0	269	0	0.000000	59	0.418766
DP	0	270	0	0.000000	14	0.099368
DP	0	271	0	0.000000	36	0.255518
DP	0	272	0	0.000000	44	0.312300
DP	0	273	0	0.000000	53	0.376180
DP	0	274	0	0.000000	63	0.447157
DP	0	275	0	0.000000	78	0.553623
DP	0	276	0	0.000000	34	0.241323
DP	0	277	0	0.000000	31	0.220030
DP	0	278	0	0.000000	53	0.376180
DP	0	279	0	0.000000	36	0.255518
DP	0	280	0	0.000000	40	0.283909
DP	0	281	0	0.000000	40	0.283909
DP	0	282	0	0.000000	41	0.291007
DP	0	283	0	0.000000	37	0.262616
DP	0	284	0	0.000000	35	0.248421
DP	0	285	0	0.000000	48	0.340691
DP	0	286	0	0.000000	44	0.312300
DP	0	287	0	0.000000	44	0.312300
DP	0	288	0	0.000000	30	0.212932
DP	0	289	0	0.000000	5	0.035489
DP	0	290	0	0.000000	18	0.127759
DP	0	291	0	0.000000	17	0.120662
DP	0	292	0	0.000000	29	0.205834
DP	0	293	0	0.000000	23	0.163248
DP	0	294	0	0.000000	27	0.191639
DP	0	295	0	0.000000	16	0.113564
DP	0	296	0	0.000000	24	0.170346
DP	0	297	0	0.000000	29	0.205834
DP	0	298	0	0.000000	25	0.177443
DP	0	299	0	0.000000	33	0.234225
DP	0	300	0	0.000000	22	0.156150
DP	0	301	0	0.000000	31	0.220030
DP	0	302	0	0.000000	18	0.127759
DP	0	303	0	0.000000	22	0.156150
DP	0	304	0	0.000000	19	0.134857
DP	0	305	0	0.000000	33	0.234225
DP	0	306	0	0.000000	22	0.156150
DP	0	307	0	0.000000	17	0.120662
DP	0	308	0	0.000000	9	0.063880
DP	0	309	0	0.000000	20	0.141955
DP	0	310	0	0.000000	9	0.063880
DP	0	311	0	0.000000	2	0.014195
DP	0	312	0	0.000000	12	0.085173
DP	0	313	0	0.000000	14	0.099368
DP	0	314	0	0.000000	32	0.227128
DP	0	315	0	0.000000	10	0.070977
DP	0	316	0	0.000000	17	0.120662
DP	0	317	0	0.000000	3	0.021293
DP	0	318	0	0.000000	13	0.092271
DP	0	319	0	0.000000	10	0.070977
DP	0	320	0	0.000000	2	0.014195
DP	0	321	0	0.000000	5	0.035489
DP	0	322	0	0.000000	11	0.078075
DP	0	323	0	0.000000	6	0.042586
DP	0	324	0	0.000000	7	0.049684
DP	0	325	0	0.000000	11	0.078075
DP	0	326	0	0.000000	3	0.021293
DP	0	327	0	0.000000	2	0.014195
DP	0	328	0	0.000000	5	0.035489
DP	0	329	0	0.000000	5	0.035489
DP	0	330	0	0.000000	3	0.021293
DP	0	331	0	0.000000	7	0.049684
DP	0	332	0	0.000000	8	0.056782
DP	0	333	0	0.000000	4	0.028391
DP	0	334	0	0.000000	8	0.056782
DP	0	335	0	0.000000	1	0.007098
DP	0	337	0	0.000000	2	0.014195
DP	0	338	0	0.000000	1	0.007098
DP	0	341	0	0.000000	5	0.035489
DP	0	343	0	0.000000	6	0.042586
DP	0	344	0	0.000000	3	0.021293
DP	0	345	0	0.000000	4	0.028391
DP	0	349	0	0.000000	6	0.042586
DP	0	350	0	0.000000	16	0.113564
DP	0	351	0	0.000000	3	0.021293
DP	0	352	0	0.000000	9	0.063880
DP	0	353	0	0.000000	9	0.063880
DP	0	354	0	0.000000	6	0.042586
DP	0	355	0	0.000000	1	0.007098
DP	0	356	0	0.000000	5	0.035489
DP	0	357	0	0.000000	13	0.092271
DP	0	358	0	0.000000	9	0.063880
DP	0	359	0	0.000000	1	0.007098
DP	0	360	0	0.000000	3	0.021293
DP	0	361	0	0.000000	5	0.035489
DP	0	362	0	0.000000	5	0.035489
DP	0	363	0	0.000000	4	0.028391
DP	0	364	0	0.000000	7	0.049684
DP	0	365	0	0.000000	4	0.028391
DP	0	366	0	0.000000	10	0.070977
DP	0	367	0	0.000000	8	0.056782
DP	0	368	0	0.000000	9	0.063880
DP	0	369	0	0.000000	11	0.078075
DP	0	370	0	0.000000	8	0.056782
DP	0	371	0	0.000000	1	0.007098
DP	0	372	0	0.000000	3	0.021293
DP	0	373	0	0.000000	11	0.078075
DP	0	374	0	0.000000	6	0.042586
DP	0	375	0	0.000000	11	0.078075
DP	0	376	0	0.000000	3	0.021293
DP	0	377	0	0.000000	9	0.063880
DP	0	378	0	0.000000	2	0.014195
DP	0	379	0	0.000000	1	0.007098
DP	0	381	0	0.000000	5	0.035489
